Height	Gender	Shoes	Number	Dvds	ToSleep	WakeUp	Haircut	Job	Drink
170	1	10	5	10	-2.5	5.5	60	30	water
163	1	20	7	5	1.5	8	0	20	pop
155	1	12	2	6	-1.5	7.5	48	0	milk
155	1	3	6	40	2	8.5	10	0	water
173	0	4	5	6	0	9	15	17.5	pop
155	1	12	3	53	1.5	7.5	35	20	water
163	1	25	4	20	0.5	7.5	25	0	pop
168	1	30	3	40	-0.5	7	30	25	water
166	0	10	7	22	2.5	8.5	12	0	milk
183	0	5	7	6	0	6.5	13	15	milk
160	1	20	4	60	-1	7	38	0	water
161	1	20	6	3	-1	7.5	110	27	milk
165	1	40	7	50	-0.5	7	15	0	water
168	0	3	7	20	2.5	8	13	0	pop
180	0	6	7	0	0.5	7.5	12	12.5	water
163	1	4	7	8	-1.5	7.5	30	16	water
180	0	9	7	12	1.5	8	0	12	water
155	1	20	5	10	1.5	7.5	20	5	water
152	1	164	8	5	1	8	40	12.5	water
180	0	11	3	13	2	10	12	20	milk
160	1	15	3	100	0	9	50	12.5	pop
166	1	5	8	10	-0.5	6	10	22	water
163	1	15	3	7	1.5	10	65	15	pop
150	1	25	6	10	0.5	8.5	25	0	water
156	1	25	7	52	1.5	8.5	87.6	0	water
178	0	5	4	15	3	11	15	10	water
167	1	15	6	45	1.5	7.5	10	18	water
160	1	32	7	15	2	9	42	11.5	pop
180	0	6	5	15	1	9.5	11	0	water
185	0	4	7	60	0.5	8.5	5	25	water
168	1	10	4	20	1	7	30	12	water
168	1	32	5	46	0.5	9	30	0	pop
160	1	30	6	1	2	7.25	95	20	milk
170	1	10	7	30	1.5	8.5	60	12.5	pop
193	1	12	2	20	-0.5	9.5	15	8	water
155	1	15	5	30	2	10	17	15	water
160	1	20	2	15	-0.5	9.5	21	10	water
157	1	60	3	15	0.5	7.5	50	10	pop
165	1	15	7	17	-1	9.5	25	0	milk
173	1	35	7	29	-1	6.5	25	0	water
172	1	30	5	20	1	6	180	6	water
157	1	30	4	100	2.5	8	28	0	water
183	0	2	1	150	1	8.5	0	0	pop
168	1	20	8	15	2	10	25	10	pop
157	1	5	10	10	-0.5	8.5	40	0	water
170	1	35	7	10	1.5	9	0	0	milk
164	1	14	7	2	-0.5	9	45	8	pop
168	1	15	3	10	2.5	9.5	17	15	pop
165	1	20	7	18	2	9	0	15	water
165	1	20	9	12	0.5	8.5	50	20	milk
170	1	15	7	30	4	11	30	0	pop
163	1	5	7	30	0.5	9	15	12	pop
170	1	20	4	5	0	8	55	10	water
173	1	50	7	40	-1	7	60	0	water
168	1	10	2	10	0.5	7.5	27	10	water
170	0	3	3	70	3	9	25	0	water
165	1	20	6	25	0	6	35	12.5	water
183	0	7	7	10	0.5	9	11	15	water
185	0	4	1	5	-1	8	10	0	milk
180	0	5	1	25	1.5	7.5	11	15	pop
185	0	8	3	20	1.5	10.5	0	4	pop
183	0	8	3	4	0	11	20	8	pop
173	0	5	8	10	2	10	0	0	water
163	1	54	3	30	2.5	8	14	16	water
173	1	25	5	10	3	8.5	15	0	water
157	1	30	3	5	1.5	6.5	40	0	pop
168	0	3	7	25	-0.5	7.5	15	0	water
189	0	8	5	10	0.5	9.5	0	17.5	pop
151	1	20	2	10	3	10.5	115	0	pop
180	0	9	4	90	2.5	7.5	7	25	pop
173	1	25	2	15	-0.5	10.5	30	16	pop
173	0	9	8	10	3.5	7	13	10	milk
157	1	70	4	30	1.5	11	25	22.5	water
185	0	5	7	40	4.5	10.5	13	20	pop
157	1	23	9	48	1.5	10.5	50	9	water
155	1	15	2	10	3.5	8	30	15	water
178	0	12	5	27.5	2.5	10.5	14.99	30	milk
173	1	35	7	9	0.5	10	57	0	pop
152	1	35	8	100	1.5	8.5	6.5	10	water
173	1	35	3	12	1.5	9	65	30	water
180	0	26	2	100	3.5	8.5	0	30	pop
155	1	20	6	20	1.5	8	10	10	water
170	1	24	4	97	0.5	9	18.75	15	water
175	1	6	7	1	-1	6.5	12	10	water
183	1	16	6	20	2	7.5	12	12	water
174	1	20	7	30	0	7	25	10	pop
172	0	8	4	20	2	9.5	15	0	water
171	0	3	6	9	2	9.5	15	0	pop
163	1	20	8	35	0	7	0	10	pop
183	1	10	6	10	0.5	7	35	0	pop
168	1	20	6	10	1.5	8	30	0	water
170	1	8	2	10	1	9	100	20	water
171	1	15	8	20	0	6.5	10	10	pop
163	1	20	6	157	1.5	7	60	20	water
183	0	4	7	10	3	8	13	15	pop
174	1	6	6	10	0	7	0	0	milk
158	1	20	7	15	1	8	90	0	milk
163	1	10	7	15	1.5	7.5	30	0	water
157	1	18	7	12	5	9	0	10	water
178	0	5	7	20	0.5	8.5	0	0	water
163	1	9	7	200	1	10.5	12	15	water
190	0	5	2	50	2.5	11.5	0	20	water
173	1	15	3	7	-1	7.5	40	0	water
183	0	4	7	25	1	7.5	11	7	milk
164	1	30	6	17	1	7	145	10	pop
155	1	15	8	0	0.5	8	0	10	pop
175	1	30	4	50	0.5	7	145	0	pop
178	0	4	6	8	2	7.5	14	0	pop
188	0	4	8	200	1.5	6.5	15	20	water
173	1	12	7	25	0	7	40	0	water
157	1	10	8	1	0.5	7.5	50	17.5	water
168	0	3	3	0	0.5	7.5	12	0	water
173	1	7	5	0	1	7	0	20	water
164	1	17	8	12	-0.5	7.5	14	0	milk
170	1	10	4	20	0.5	7.5	15	17.5	water
180	0	15	3	50	3.5	7	75	30	pop
183	0	2	2	15	1	7.5	0	17.5	milk
157	1	50	7	20	0	8	15	15	water
173	0	4	2	7	3.5	8	12	14	water
168	1	12	6	20	0.5	7	33	0	water
170	1	8	8	20	-1	7.5	10	20	water
185	0	10	4	15	2	8	13	10	water
168	1	7	8	5	1.5	8	85	15	pop
173	0	9	5	25	-0.5	7.5	10	20	milk
188	0	5	2	5	1.5	8	14	15	water
160	0	3	5	17.5	0	8	13	0	water
183	0	8	3	12	1	7.5	10	20	water
170	1	15	9	20	1	8	25	12	pop
180	0	3	6	35	-0.5	7	15	0	water
163	1	25	3	40	-1	8.5	10	0	water
170	1	20	7	20	3.5	8.5	20	17.5	water
178	0	5	7	80	2.5	7.5	0	45	water
187	0	5	9	3	1.5	8.5	0	15	milk
175	0	4	6	50	1.5	8.5	18	0	milk
167	1	5	6	2	-0.5	6.5	30	20	water
152	1	40	2	10	0.5	8.5	75	0	milk
173	0	3	7	7	1	9	13	0	water
175	0	7	5	6	0	8	19	0	water
160	1	12	5	2	2	9	17	14	milk
190	0	10	8	10	1	9	15	0	water
174	0	5	7	10	0	7.5	15	10	pop
160	1	7	8	30	-0.5	7.5	0	0	pop
163	1	25	7	15	0.5	8.5	25	15	water
165	1	15	5	10	-0.5	6	55	0	pop
178	0	7	8	120	0.5	8.5	13	30	pop
170	1	40	8	50	-0.5	7	85	30	water
190	0	2	7	41	-2	7.5	15	25	water
157	1	23	3	25	-0.5	8.5	0	20	milk
180	0	3	4	900	2.5	7.5	15	25	milk
173	0	15	5	60	-0.5	7	0	20	water
168	1	25	6	150	-0.5	6	45	15	water
173	0	4	8	10	-0.5	6	0	20	water
188	0	6	9	20	-0.5	7	12	20	pop
170	1	6	2	200	-1	6.5	15	40	pop
163	1	44	6	25	0.5	7	42	20	water
173	1	20	2	15	0.5	7	45	0	water
163	1	20	7	40	1.5	7	20	30	pop
201	0	5	4	7	1	7	10	0	water
160	1	4	8	10	1.5	7	0	27.5	water
163	1	25	5	20	1.5	7	70	0	milk
180	1	45	9	37	2	6.5	90	12	water
155	1	10	8	20	-0.5	6.5	10	8	water
152	1	20	9	0	-0.5	7	35	22.5	pop
169	1	8	9	40	2.5	9	50	30	milk
168	1	20	3	10	2	7.5	45	13	water
163	1	36	3	36	3.5	8.5	25	8	water
152	1	35	5	100	1.5	8.6	70	10	water
165	1	20	5	200	-0.5	7.25	50	10	water
160	1	30	8	30	1.5	8	15	0	water
175	1	8	2	5	0	8	0	10	water
168	1	25	5	150	0.5	9.5	90	0	pop
170	1	38	5	53	0.5	9	160	0	pop
157	1	50	4	7	-0.5	8	30	15	water
170	1	49	8	36	2	8.5	109	0	milk
175	0	7	3	11	1.5	8	13	4	milk
170	1	10	3	20	0.5	8	35	0	water
163	1	27	9	11	1	10	35	15	milk
170	1	25	7	30	1.5	8.25	12	17.5	water
175	0	2	9	31	2	8.5	12	10	milk
183	0	7	5	50	1.5	12	25	0	water
165	0	13	7	17	1.5	8.5	15	12	milk
172	1	30	6	2	0.3	7.9	0	22.5	water
157	0	9	8	45	2.5	10.5	14	15	pop
175	1	17	6	12	1.5	9.5	25	0	water
173	1	10	7	250	-0.5	6.5	10	26	milk
168	1	15	2	7	0	8.5	20	80	water
166	1	4	6	40	-0.5	8.5	25	30	water
168	0	4	7	10	1	10.5	10	10	pop
173	0	3	9	20	1.5	8.5	25	0	milk
170	0	4	7	12	1.5	8.5	0	10	water
180	0	4	5	12	2.5	11.5	10	40	milk
182	0	5	7	15	2.5	9.5	0	10	water
178	0	10	6	8	3	10	0	20	pop
160	1	13	8	35	1	8	67	0	pop
178	0	2	4	8	0.5	7.5	0	10	pop
160	1	20	10	2	5	8.5	0	20	water
173	1	30	7	40	1	9	30	0	water
170	1	15	8	20	3.5	10.75	35	10	milk
185	0	2	5	21	0	8	13.99	0	pop
178	0	6	8	25	1	10.5	12	0	milk
173	0	40	6	28	-1	6	0	4	water
180	0	4	7	50	1	6	30	40	milk
175	1	15	9	12	-0.5	6.5	10	45	water
183	0	5	7	20	1.5	10.5	0	0	water
183	0	11	5	175	2.5	9	14	42.5	pop
178	0	8	5	50	2	10	10	0	water
152	1	22	5	10	3	11.5	130	6.5	water
157	1	25	8	2	1.5	10.5	50	10	water
173	1	10	3	40	-1	8.5	15	12	pop
183	0	6	4	40	2.5	10	15	0	pop
175	1	35	8	50	0.5	10	50	11	water
178	0	25	7	60	0	8.5	20	11	water
155	1	33	5	20	0.5	9.5	35	15	pop
168	1	15	3	12	2.5	9.5	14	0	water
185	0	10	7	130	0.5	8.5	15	0	water
178	1	5	3	30	1	10	0	17.5	milk
180	1	10	6	14	2.5	9	20	20	water
183	0	6	8	10	1.5	8.5	13	0	pop
168	1	100	2	50	3	8.5	30	0	water
178	0	10	7	24	3.5	9	9	10	pop
170	1	10	7	15	3.5	9.5	30	17.5	milk
157	1	15	7	40	0	8	30	20	milk
157	1	15	3	10	1.5	7.5	40	0	pop
163	1	20	5	40	1.5	8.5	40	0	pop
170	0	3	4	30	1	11	18	10	water
178	0	6	8	50	1.5	7.5	18	40	water
178	1	7	8	6	2	9	24	10	water
180	0	6	7	60	4	11.5	25	0	pop
173	0	2	3	10	4	12	0	10	pop
166	1	30	9	30	1	9	25	12.5	water
159	1	30	3	50	-0.5	8	23	40	water
203	1	15	8	25	2.5	6.5	25	20	water
152	1	15	4	100	2.5	9.5	10	10	milk
178	0	10	7	0	2.5	7.5	15	10	milk
173	0	3	5	42	2.5	8	15	17.5	water
180	0	3	1	15	0.5	8	9	0	water
157	0	2	7	152	-2.5	2.5	0	35	milk
157	1	13	5	15	3.5	10	10	15	milk
165	1	20	7	30	3	12	30	25	milk
152	1	14	6	1	0	7	20	20	water
171	1	17.5	6	20	0	7	28	0	water
174	1	35	7	4	1.5	7.5	50	0	water
185	1	6	7	5	2	7.5	15	12	water
173	0	1	9	30	2	7.6	13	0	water
178	0	4	6	13	-0.5	7.5	24	0	milk
170	1	15	6	30	0.5	7.5	20	10	water
160	1	7	7	50	2	7	11	0	water
183	0	6	7	80	0	8	20	0	water
185	0	6	5	22.5	-0.5	7.5	0	0	water
155	0	6	2	3	-0.5	6.8	0	20	milk
152	1	15	3	10	-0.5	7.5	25	0	pop
168	1	10	8	9	-0.5	6.5	0	37.5	water
173	1	40	7	10	1	8	20	1.5	water
160	1	25	4	10	-0.5	6.5	15	10	water
170	0	4	8	9	3.5	7.5	13	15	water
170	1	10	7	20	1	8.5	50	10	water
160	1	30	7	25	-1.5	8	25	0	water
163	1	15	4	10	0.5	9.5	0	0	water
173	1	0	3	8	0.5	8	27	12.5	water
183	0	4	7	50	2.5	9.5	12	0	water
171	1	40	7	15	2	9.5	65	15	water
163	1	15	9	20	-0.5	9	45	20	water
171	0	4	2	30	0	9	10	0	water
168	0	10	7	10	1	6.5	20	0	pop
171	1	10	2	0	0.5	7.5	0	0	water
174	1	8	6	30	0	5.5	14	36	water
173	0	7	2	60	2	9	0	12.5	milk
178	0	7	7	80	0	8.5	0	13.5	milk
178	1	10	7	20	-1.5	6	15	0	pop
165	1	20	8	10	3.5	8.5	41	15	water
157	1	30	7	200	-0.5	7.5	0	6	water
175	0	3	7	10	2	8.5	17	12.5	water
188	0	5	1	3	-0.5	9.5	0	30	water
165	1	12	7	25	3.5	8	11	15	pop
173	0	6	4	20	-0.5	6	0	0	pop
152	1	15	2	3	-1.5	9.5	30	0	milk
168	1	18	2	1	3	10	0	28	milk
165	1	35	7	20	3.5	11	15	25	water
173	0	4	8	2	2.5	9	0	1	water
170	0	8	7	20	2.5	11	12	0	pop
183	0	6	7	0	0.5	9	10	12	pop
165	1	40	6	70	0.5	8.5	14	12	pop
170	0	8	10	10	0.5	9	10	0	pop
183	0	8	3	35	1	8.5	12	0	water
170	1	3	7	50	0	10	20	17	milk
183	0	5	8	6	1.5	8.5	19	0	water
168	0	15	5	20	1.5	8	20	20	water
185	0	7	7	20	1.5	7	14	40	milk
180	0	4	7	62	5	12	13	12	pop
180	0	2	3	3	0	9	10	0	water
183	0	3	7	4	0	9	13	0	water
168	1	14	7	15	-0.5	11	20	20	water
175	1	20	3	25	-2	5	33	0	pop
183	1	4	3	4	2.5	10.5	0	0	water
165	1	15	4	9	0.5	7	15	0	water
170	1	10	6	20	2.5	8.5	65	15	water
165	1	15	4	9	0.5	7	15	0	water
157	1	12	8	4	1.5	11	20	3.5	water
160	1	25	3	3	0.5	8.5	70	25	pop
165	1	30	2	20	1	7	90	20	pop
170	1	20	7	12	0.5	8	24	5	milk
175	1	20	7	40	2	9	70	0	water
165	1	21	9	20	-1	9	20	15	pop
178	0	37	3	0	0	9	10	15	water
168	1	10	2	30	0	7	25	6	water
163	1	30	2	5	1.5	9.5	65	15	water
178	0	8	2	7	1	10.5	0	15	water
170	1	11	5	30	-0.5	8	25	16	water
168	1	25	6	20	1.5	7.5	35	10	water
170	1	30	3	10	1	8.5	50	12	pop
157	1	30	4	18	1	10	25	0	water
157	1	6	3	40	4	10.5	30	15	milk
160	1	25	8	20	-0.5	8.5	32	0	water
163	1	20	4	22	0.5	9.5	86	0	water
163	1	17.5	3	25	-0.5	9.5	80	25	milk
155	1	15	7	20	0	10	30	0	milk
163	1	30	4	50	1.5	7.5	25	0	milk
157	1	18	7	1000	-0.5	8	45	17.5	water
170	1	12	7	75	1.5	7.5	12	11	water
165	1	50	3	30	2.5	8.5	0	17.5	water
168	0	4	9	20	2.5	8.5	10	22.5	water
183	0	8	6	18	0	7.5	17	0	pop
163	1	40	4	35	1	9	14	14	water
178	0	10	7	2.5	2	10.5	0	0	water
170	0	11	4	7	0.5	8.5	13	24	pop
160	1	24	9	100	0	8	90	0	water
190	0	3	4	120	-1	8	0	20	pop
188	0	7	3	40	2	8.5	13	0	milk
170	0	1	8	20	1	6.5	9	20	pop
157	1	15	7	6	0.5	8.5	25	12.5	water
183	1	14	7	15	-1.5	5.5	35	0	water
178	1	20	9	5	1.5	11	35	22	water
163	1	27.5	7	35	2.5	7.5	45	17.5	water
168	1	35	4	10	-0.5	7.5	17	9	water
154	1	2	3	0	1.5	5.5	0	0	milk
168	1	8	8	15	1	8.5	0	20	water
183	0	5	5	20	4	9.5	0	35	pop
183	0	5	9	3	1.5	9.5	9	18	milk
163	1	15	6	100	0	10	20	10	water
165	1	25	7	10	-0.5	7.5	20	15	water
157	1	10	5	3	2	9	40	0	water
163	1	40	7	20	-0.5	7	0	20	water
165	1	35	6	0	2.5	7.5	30	22.5	water
173	0	5	7	65	1.5	8	10	17.5	milk
185	0	3	5	10	3	11.5	14	12	pop
180	0	3	9	75	2.5	10.5	15	8	pop
157	1	17	3	10	1.5	9.5	17	15	pop
157	1	20	7	25	1.5	8.5	60	3	water
160	1	10	8	20	0	8.5	25	20	milk
178	0	6	7	10	-2	10	12	15	water
180	0	4	7	5	4.5	9	0	0	water
163	1	10	3	5	3	10.5	75	12	milk
163	1	10	3	5	3	10.5	75	12	milk
188	0	5	7	3	2	10	0	0	water
163	1	20	6	15	1	9	28	8	milk
168	1	12	7	70	2	10	0	15	pop
156	1	50	4	10	-1	10	18	20	milk
155	1	20	5	15	4.5	9	25	14	water
168	0	3	7	0	2	6	0.5	20	water
183	0	2	4	5	2.5	8.5	12	0	water
178	1	55	6	40	1.5	7.7	22	0	water
175	0	5	5	55	2.5	12.5	0	17.5	pop
165	1	20	6	10	2.5	11.5	80	0	water
177	1	12	5	20	1.5	9	15	10	pop
183	1	20	3	20	2	8.5	0	20	pop
160	1	20	4	30	1.5	7	30	0	pop
170	0	8	2	10	0.5	8.5	25	17	milk
175	0	4	10	8	-0.5	8.5	21	15	pop
185	0	2	3	20	-0.5	9.5	13	12	water
179	0	3	7	10	2	9.5	10	0	milk
152	1	22	5	10	2	7	23	20	pop
178	0	4	7	45	0.5	8.5	12	0	water
152	1	8	7	20	2	7	30	25	pop
174	1	20	7	20	0	7	35	0	pop
152	1	12	6	5	-1	6.5	30	12	pop
150	1	15	3	27.5	-1	7	90	21	water
163	1	15	2	50	-0.5	6.5	40	0	water
168	1	21	6	10	-1.5	5.5	20	0	water
173	1	6	8	25	1	7	0	10	water
168	1	10	8	30	0	7.5	30	20	water
188	0	5	1	130	1	7	5	30	pop
163	1	24	9	35	0.5	7	45	0	water
168	1	10	7	15	0	7.5	45	0	water
157	1	30	7	10	1	7	120	0	water
170	1	35	7	150	2	7	15	30	pop
173	0	10	9	30	-1.5	7	25	0	milk
156	1	15	8	50	3	7.5	35	0	milk
178	0	10	7	20	-0.5	7	11	6	pop
163	1	7	9	20	0.5	7.5	25	0	water
170	1	30	5	23	0.5	7.5	15	12	water
168	1	6	3	10	-1.5	6	140	50	milk
171	1	10	2	3	-1	8	65	2	water
165	1	15	2	20	1.5	8	40	0	water
165	1	25	7	1	1.5	8.5	0	0	water
150	0	6	8	20	0.5	8	0	30	pop
177	1	15	3	50	0	9	27	4	water
165	1	20	5	25	-0.5	8	20	15	milk
180	0	17	6	10	0	8	0	15	water
157	1	35	7	20	0.5	8.5	115	0	water
183	0	6	5	10	1	8	0	0	water
155	0	3	3	35	-0.5	8.5	0	17.5	water
165	1	10	7	2	0	8.5	0	0	milk
152	1	12	7	20	0.5	9	21	10	milk
163	1	15	4	20	1	8.5	15	0	water
170	1	5	7	15	0	7	12	17.5	water
165	1	10	5	10	-0.5	8.5	95	0	pop
160	1	63	4	73	1.5	8.5	24	12.5	water
155	1	27.5	7	12	4	9	10	0	water
154	1	2	3	0	1.5	5.5	0	0	milk
160	1	30	7	20	-0.5	7	10.5	0	water
165	1	25	5	5	1	8	25	25	milk
173	1	15	9	12	1.5	7.5	35	25	water
163	1	30	5	40	-0.5	8.5	135	15	pop
183	0	15	7	122	1	10	15	0	pop
165	1	6	9	12	-0.5	7	35	8	water
157	1	10	7	6	1	8	15	12.5	water
173	1	9	8	3	1.5	9	20	0	pop
163	1	20	6	30	0.5	8.5	85	0	pop
157	1	20	5	0	1.5	7.5	55	17	pop
165	1	18	7	10	0	8	25	10	milk
157	1	13	4	0	1.5	8	23	0	water
178	0	5	8	137	1.5	7.5	0	25	water
162	1	16	6	20	1.5	8.5	17	0	pop
183	0	5	2	80	0.5	7.5	13	20	water
180	0	5	7	6	1	8	15	16	water
180	0	7	2	500	1	8	16	10	water
160	1	10	7	30	2.5	8	30	0	pop
173	1	14	3	8	2.5	8	30	10	water
152	1	20	2	25	0	7.5	50	10	pop
177	1	30	2	10	0.5	6.5	0	20	milk
175	1	23	9	6	0	8	10	6	water
178	0	3	9	25	1.5	11.5	25	0	milk
170	0	5	7	30	1.5	10.5	8	4	water
190	0	10	3	15	1	9	10	0	pop
165	1	35	7	25	2.5	11	95	20	water
168	1	8	7	5	0.5	9.5	18	10	water
183	0	4	6	0	-2	8	14	20	milk
185	0	8	8	4	1	8.5	0	8	water
180	0	5	7	15	1.5	8	15	20	water
157	1	15	5	3	0.5	9.5	20	15	water
170	0	6	9	40	1	10.5	12	20	water
165	1	20	5	6	2.5	11	90	10	milk
165	1	10	4	35	-1	7.5	0	20	water
173	1	10	7	15	2.5	9	40	0	water
168	1	15	7	20	1	7	16	25	pop
190	0	4	2	20	3.5	9.5	5	11	water
175	0	3	7	30	-0.5	9.5	20	0	pop
160	1	12	7	5	0.5	8.5	25	12	milk
165	1	20	7	8	2	7.5	70	11	milk
157	1	10	5	40	-1	6.5	16	0	milk
178	0	6	7	10	2	7.5	11	0	pop
152	1	15	2	1	2.5	9.5	91	0	water
178	0	3	5	10	0	7	9	12	pop
163	1	20	3	40	0.5	9	20	0	milk
163	1	20	2	15	-0.5	7	30	0	milk
165	1	10	7	25	1.5	10.5	30	5	pop
160	1	30	6	20	1	11	50	15	water
188	0	5	4	67	1.5	10.5	14	20	water
166	0	10	7	20	5.5	9.5	12	20	milk
178	1	35	8	25	0	8.5	85	20	pop
165	1	15	2	20	1.5	8	13	10	water
185	0	6	9	13	2	8	5	15	pop
160	1	25	7	12	0	6.5	0	42	water
180	1	20	9	15	1	8	60	0	pop
163	1	15	7	30	1	7.5	35	0	water
157	1	20	3	36	1.5	7	15	0	water
170	1	25	3	50	-0.5	9.5	50	17	pop
170	1	21	3	10	0	9	10	0	milk
163	1	15	2	21	-1.5	6.5	35	35	water
160	1	30	7	7	3	8.5	100	15	water
157	1	18	8	35	-0.5	7	52	0	water
178	1	25	7	2	1.5	7.5	40	20	water
170	1	15	9	8	1.5	9.5	80	15	pop
170	1	16	8	30	1	7	30	0	pop
168	0	6	7	33	3.5	11.5	15	15	milk
178	0	7	2	100	1.5	10	15	15	water
183	0	10	7	10	3.5	9.5	10	5	milk
171	1	18	7	30	2	8	30	20	pop
178	0	3	3	30	0	8	0	11	pop
188	0	10	5	40	0	8	0	40	water
160	1	25	7	13	-0.5	6	15	0	water
157	1	15	8	9	2.5	9.5	113	0	water
163	1	27	2	8	3.5	12.5	60	25	pop
175	1	20	7	20	2.5	7	12	9	pop
163	1	15	9	20	-0.5	7.5	40	15	pop
165	0	13	5	15	1.5	11	10	0	pop
173	1	10	4	25	1.5	8.5	20	7.5	water
188	0	7	4	36	0	10	7	0	water
163	1	30	4	45	2	10	30	0	water
173	1	12	10	150	1.5	10	20	12	water
170	1	65	1	35	-0.5	10.5	17	10	water
175	1	34	7	6	2.5	6	0	24	pop
160	1	10	7	35	-0.5	8	30	0	pop
168	1	25	8	5	1	10	18	0	water
155	1	5	2	30	1	7	20	40	pop
157	0	3	6	10	-1.5	8.5	17	5	water
168	0	5	5	20	0.5	8	15	20	water
165	1	26	3	65	1.5	8	126	6	water
185	0	5	1	20	0	7.5	10	8	milk
178	0	5	6	1	0.5	6.5	5	20	water
180	0	9	7	14	1	6.5	5	10	water
155	1	30	8	20	1	12	100	0	water
160	1	50	2	25	3	12	65	0	water
163	1	15	5	30	2.5	10	50	10	pop
165	1	8	8	10	4	11	65	0	pop
165	1	12	7	10	1.5	8.5	12	10	water
178	0	29	7	50	4.5	10.5	0	0	water
165	1	20	2	100	0.5	8.5	75	17.5	water
160	1	12	9	4	1.5	10	70	0	water
168	1	5	4	12	2	9	30	0	water
173	1	53	7	21	-0.5	8	14	12	pop
155	1	6	7	5	0	7.5	20	0	water
182	0	5	5	15	1	13	15	21	milk
168	1	10	6	20	0.5	8.5	35	0	water
173	1	30	4	15	0	8.5	45	0	water
165	1	5	4	50	0	8	30	15	water
152	1	15	7	15	1	10	15	12	pop
180	0	8	4	25	2	8	13	10	water
183	0	3	2	5	1	9	0	10	pop
185	0	3	7	15	1	10.5	0	15	water
163	1	10	6	15	-0.5	7.5	8.99	10	pop
175	1	70	5	30	0.5	9.5	14	30	water
163	1	15.5	8	5	1	7.5	85	0	water
184	0	5	6	25	0.5	10	12	12.5	pop
168	1	15	3	10	2	10.5	15	0	pop
170	1	6	7	150	-2	7	10	32.5	water
170	1	9	2	13	2.5	8	16	25	pop
168	0	5	7	8	0.5	8	0	5	water
183	0	5	10	0	2	8	16	0	milk
178	0	5	10	24	3	10.5	0	10	water
183	0	2	5	15	2.5	8	15	30	pop
163	1	10	5	15	2	8	0	6	pop
165	0	5	7	5	3	11.5	12	12.5	water
174	0	6	9	200	1.5	8.5	11	14	milk
175	0	4	4	50	-0.5	12	14	16	pop
178	0	6	4	40	1.5	9	0	0	water
180	0	4	7	27.5	0.5	8.5	17	15	pop
170	1	28	2	10	2	9	0	13	water
155	1	20	8	18	0.5	8	75	9	water
170	1	7	6	3	-1	8	20	0	milk
163	1	10	4	15	0.5	8	14.95	11	water
170	1	12	8	13	4	9	40	0	water
169	1	13	5	48	2.5	9	15	20	water
160	1	10	3	6	1.5	11	11	0	water
168	1	24	3	12	-1	8	30	20	water
153	1	40	7	10	0	6.8	10	17.5	water
168	1	15	8	15	0.5	10	7	15	pop
163	1	25	5	1	1.5	12.5	25	0	pop
173	1	20	7	30	2	8.5	25	12.5	pop
170	1	10	3	2	0	7	35	10	pop
173	1	8	7	3	-0.5	7.5	0	20	water
165	1	15	5	60	4.5	11	25	25	pop
188	0	4	2	70	1.5	6.5	20	7	water
183	0	7	7	40	3.5	12.5	15	10	milk
173	1	30	6	4	0.5	9.5	20	15	water
171	1	15	8	25	-1	9	0	0	water
168	1	25	5	1	-1.5	9	0	12	pop
170	1	10	7	10	0	9.5	0	10	pop
173	0	3	5	15	2.5	7.7	15	20	pop
