Temperature	Sex	HeartBeats
96,3	M	70
96,7	M	71
96,9	M	74
97	M	80
97,1	M	73
97,1	M	75
97,1	M	82
97,2	M	64
97,3	M	69
97,4	M	70
97,4	M	68
97,4	M	72
97,4	M	78
97,5	M	70
97,5	M	75
97,6	M	74
97,6	M	69
97,6	M	73
97,7	M	77
97,8	M	58
97,8	M	73
97,8	M	65
97,8	M	74
97,9	M	76
97,9	M	72
98	M	78
98	M	71
98	M	74
98	M	67
98	M	64
98	M	78
98,1	M	73
98,1	M	67
98,2	M	66
98,2	M	64
98,2	M	71
98,2	M	72
98,3	M	86
98,3	M	72
98,4	M	68
98,4	M	70
98,4	M	82
98,4	M	84
98,5	M	68
98,5	M	71
98,6	M	77
98,6	M	78
98,6	M	83
98,6	M	66
98,6	M	70
98,6	M	82
98,7	M	73
98,7	M	78
98,8	M	78
98,8	M	81
98,8	M	78
98,9	M	80
99	M	75
99	M	79
99	M	81
99,1	M	71
99,2	M	83
99,3	M	63
99,4	M	70
99,5	M	75
96,4	W	69
96,7	W	62
96,8	W	75
97,2	W	66
97,2	W	68
97,4	W	57
97,6	W	61
97,7	W	84
97,7	W	61
97,8	W	77
97,8	W	62
97,8	W	71
97,9	W	68
97,9	W	69
97,9	W	79
98	W	76
98	W	87
98	W	78
98	W	73
98	W	89
98,1	W	81
98,2	W	73
98,2	W	64
98,2	W	65
98,2	W	73
98,2	W	69
98,2	W	57
98,3	W	79
98,3	W	78
98,3	W	80
98,4	W	79
98,4	W	81
98,4	W	73
98,4	W	74
98,4	W	84
98,5	W	83
98,6	W	82
98,6	W	85
98,6	W	86
98,6	W	77
98,7	W	72
98,7	W	79
98,7	W	59
98,7	W	64
98,7	W	65
98,7	W	82
98,8	W	64
98,8	W	70
98,8	W	83
98,8	W	89
98,8	W	69
98,8	W	73
98,8	W	84
98,9	W	76
99	W	79
99	W	81
99,1	W	80
99,1	W	74
99,2	W	77
99,2	W	66
99,3	W	68
99,4	W	77
99,9	W	79
100	W	78
100,8	W	77
